 1850 -0.371 -0.346 -0.607 -0.419 -0.246 -0.240 -0.207 -0.344 -0.404 -0.374 -0.188 -0.265 -0.315
 1850     20     18     16     16     16     18     19     20     21     20     22     22
 1851 -0.353 -0.334 -0.313 -0.397 -0.285 -0.220 -0.228 -0.230 -0.122 -0.086  0.063 -0.013 -0.191
 1851     20     19     17     18     17     18     19     21     16     17     16     17
 1852 -0.333 -0.463 -0.358 -0.342 -0.230 -0.027 -0.059 -0.239 -0.106 -0.142 -0.107 -0.047 -0.185
 1852     21     20     19     20     21     21     20     21     19     19     20     22
 1853 -0.268 -0.200 -0.139 -0.229 -0.248 -0.187 -0.122 -0.206 -0.383 -0.405 -0.175 -0.276 -0.217
 1853     23     23     24     21     22     24     23     26     26     26     23     25
 1854 -0.265 -0.289 -0.272 -0.248 -0.263 -0.198 -0.312 -0.232 -0.125 -0.295 -0.340 -0.336 -0.247
 1854     28     27     26     25     26     25     26     29     25     27     26     25
 1855 -0.135 -0.212 -0.213 -0.282 -0.408 -0.188 -0.320 -0.195 -0.308 -0.242 -0.111 -0.185 -0.213
 1855     26     28     24     25     26     26     28     27     25     22     22     20
 1856 -0.149 -0.301 -0.307 -0.369 -0.049 -0.393 -0.325 -0.298 -0.418 -0.343 -0.483 -0.478 -0.306
 1856     22     24     22     22     24     23     22     24     23     25     28     23
 1857 -0.435 -0.390 -0.378 -0.463 -0.488 -0.303 -0.613 -0.402 -0.340 -0.474 -0.579 -0.569 -0.435
 1857     24     23     24     22     23     21     24     25     23     23     22     21
 1858 -0.639 -0.522 -0.468 -0.526 -0.713 -0.744 -0.430 -0.306 -0.372 -0.263 -0.372 -0.310 -0.453
 1858     24     23     24     23     22     20     20     21     20     18     18     22
 1859 -0.419 -0.370 -0.409 -0.209 -0.393 -0.330 -0.410 -0.228 -0.614 -0.247 -0.341 -0.201 -0.330
 1859     20     20     18     17     17     16     18     18     17     17     16     18
 1860 -0.221 -0.268 -0.324 -0.314 -0.349 -0.449 -0.124 -0.231 -0.249 -0.156 -0.238 -0.363 -0.256
 1860     21     17     17     18     17     15     16     17     15     15     15     14
 1861 -0.404 -0.739 -0.680 -0.135 -0.603 -0.354 -0.481 -0.201 -0.353 -0.408 -0.412 -0.275 -0.404
 1861     14     13     10      9      9     10     11     12     12     13     12     13
 1862 -0.456 -0.381 -0.309 -0.242 -0.189 -0.310 -0.374 -0.738 -0.479 -0.409 -0.532 -0.570 -0.399
 1862     12     11     12     12     14     14     14     13     14     12     11     10
 1863 -0.378 -0.299 -0.404 -0.217 -0.430 -0.424 -0.383 -0.412 -0.461 -0.335 -0.395 -0.350 -0.358
 1863     12     11     12     11     14     14     12     13     11     11     10     10
 1864 -0.697 -0.655 -0.556 -0.464 -0.261 -0.344 -0.260 -0.423 -0.473 -0.406 -0.097 -0.225 -0.390
 1864     12     12     11     12     11     13     12     14     11     12     13     13
 1865 -0.223 -0.141 -0.164 -0.187 -0.336 -0.304 -0.285 -0.201 -0.304 -0.212 -0.373 -0.260 -0.236
 1865     11     10     10     11     12     12     10     12     10     10     11     11
 1866 -0.309 -0.090 -0.478 -0.299 -0.336  0.037 -0.028 -0.190 -0.352 -0.159 -0.156 -0.386 -0.216
 1866     12     12     10     11     10     11     11     11     10     10     10     11
 1867 -0.137 -0.306 -0.132 -0.142 -0.228 -0.333 -0.198 -0.284 -0.128 -0.247 -0.172 -0.458 -0.218
 1867      9     11     13     12     11     12     12     10     10     11     11     12
 1868 -0.409 -0.271 -0.040 -0.256 -0.243 -0.444 -0.102 -0.196 -0.158 -0.267 -0.215 -0.210 -0.223
 1868     11     10     12     12     12     13     15     14     17     16     16     15
 1869 -0.320 -0.118 -0.384 -0.159 -0.229 -0.384 -0.325 -0.231 -0.259 -0.263 -0.276 -0.326 -0.262
 1869     13     14     16     16     16     16     13     18     18     19     18     19
 1870 -0.189 -0.248 -0.229 -0.159 -0.322 -0.337 -0.079 -0.172 -0.298 -0.343 -0.244 -0.265 -0.231
 1870     21     21     21     19     17     20     21     19     17     15     18     17
 1871 -0.261 -0.177 -0.074 -0.152 -0.197 -0.215 -0.093 -0.335 -0.415 -0.491 -0.194 -0.261 -0.229
 1871     15     14     17     21     18     18     17     23     17     16     19     20
 1872 -0.342 -0.329 -0.394 -0.237 -0.182 -0.272 -0.126 -0.070 -0.173 -0.279 -0.159 -0.292 -0.228
 1872     21     18     17     20     20     21     19     20     21     20     20     24
 1873 -0.058 -0.245 -0.218 -0.303 -0.336 -0.407 -0.207 -0.241 -0.342 -0.396 -0.367 -0.403 -0.285
 1873     21     18     21     19     19     19     19     23     19     19     22     21
 1874 -0.207 -0.480 -0.394 -0.441 -0.402 -0.557 -0.218 -0.423 -0.318 -0.516 -0.419 -0.448 -0.398
 1874     19     20     21     21     18     18     20     20     20     24     21     23
 1875 -0.285 -0.194 -0.322 -0.292 -0.170 -0.306 -0.359 -0.166 -0.122 -0.201 -0.233 -0.401 -0.248
 1875     21     21     22     21     21     22     22     22     19     19     20     21
 1876 -0.365 -0.314 -0.312 -0.318 -0.451 -0.426 -0.261 -0.320 -0.515 -0.354 -0.337 -0.321 -0.356
 1876     21     22     22     19     21     25     23     22     17     20     22     22
 1877 -0.358  0.114 -0.118 -0.118 -0.328 -0.133 -0.072  0.077  0.078  0.221  0.073  0.112 -0.033
 1877     20     20     21     21     20     20     21     23     24     21     23     24
 1878  0.304  0.286  0.159  0.291  0.031 -0.014 -0.073 -0.064 -0.069 -0.213 -0.266 -0.204  0.017
 1878     23     22     21     22     20     22     23     26     24     23     25     26
 1879 -0.156 -0.115 -0.075 -0.162 -0.208 -0.252 -0.265 -0.146 -0.203 -0.205 -0.220 -0.297 -0.187
 1879     23     27     28     26     29     30     28     31     27     26     26     28
 1880 -0.218 -0.130  0.027 -0.095 -0.314 -0.360 -0.237 -0.137 -0.240 -0.221 -0.177 -0.175 -0.185
 1880     28     28     26     24     24     28     30     31     27     29     29     31
 1881 -0.074 -0.095 -0.014 -0.039 -0.047 -0.153 -0.188 -0.188 -0.295 -0.224 -0.263 -0.190 -0.148
 1881     29     29     29     29     27     28     29     32     31     30     33     32
 1882 -0.111 -0.106 -0.120 -0.166 -0.276 -0.256 -0.147 -0.287 -0.198 -0.281 -0.163 -0.316 -0.199
 1882     32     31     32     33     31     30     33     32     32     31     30     30
 1883 -0.184 -0.133 -0.160 -0.310 -0.209 -0.162 -0.214 -0.199 -0.283 -0.387 -0.262 -0.342 -0.235
 1883     35     35     34     31     32     33     36     38     38     38     36     36
 1884 -0.385 -0.160 -0.308 -0.348 -0.282 -0.374 -0.394 -0.386 -0.318 -0.310 -0.443 -0.372 -0.337
 1884     34     36     33     37     40     41     40     40     40     41     40     40
 1885 -0.272 -0.310 -0.380 -0.398 -0.418 -0.451 -0.332 -0.459 -0.325 -0.188 -0.191 -0.190 -0.324
 1885     39     41     39     40     39     37     38     42     41     43     38     45
 1886 -0.254 -0.284 -0.267 -0.345 -0.176 -0.363 -0.321 -0.374 -0.466 -0.331 -0.373 -0.493 -0.335
 1886     42     42     44     40     38     43     43     45     40     43     40     41
 1887 -0.479 -0.512 -0.439 -0.402 -0.436 -0.404 -0.286 -0.334 -0.426 -0.382 -0.386 -0.335 -0.399
 1887     40     39     39     39     36     38     40     41     38     36     38     36
 1888 -0.388 -0.283 -0.286 -0.255 -0.271 -0.255 -0.329 -0.298 -0.240 -0.064 -0.079 -0.083 -0.234
 1888     36     38     37     40     36     37     39     39     37     37     36     36
 1889  0.090  0.022 -0.005 -0.043 -0.129 -0.152 -0.192 -0.250 -0.347 -0.285 -0.232 -0.281 -0.150
 1889     36     36     34     34     34     34     32     35     33     32     31     33
 1890 -0.336 -0.333 -0.422 -0.374 -0.361 -0.390 -0.491 -0.485 -0.562 -0.520 -0.474 -0.348 -0.423
 1890     36     30     29     33     33     33     32     35     31     29     31     32
 1891 -0.399 -0.296 -0.239 -0.248 -0.132 -0.233 -0.300 -0.297 -0.217 -0.253 -0.357 -0.282 -0.270
 1891     30     30     28     28     31     30     27     27     26     26     32     30
 1892 -0.256 -0.139 -0.304 -0.354 -0.317 -0.486 -0.582 -0.498 -0.404 -0.504 -0.515 -0.541 -0.408
 1892     28     31     31     28     28     27     26     28     28     26     27     25
 1893 -0.452 -0.360 -0.310 -0.511 -0.479 -0.447 -0.296 -0.292 -0.485 -0.307 -0.429 -0.396 -0.397
 1893     27     28     30     30     28     26     27     31     31     29     27     27
 1894 -0.417 -0.439 -0.492 -0.395 -0.463 -0.475 -0.299 -0.399 -0.402 -0.458 -0.380 -0.406 -0.418
 1894     30     29     28     29     28     29     27     31     30     29     27     31
 1895 -0.269 -0.319 -0.451 -0.426 -0.406 -0.323 -0.305 -0.249 -0.359 -0.331 -0.226 -0.307 -0.331
 1895     31     29     28     27     30     31     28     33     32     33     30     32
 1896 -0.215 -0.209 -0.169 -0.159 -0.186 -0.129 -0.108 -0.043 -0.064 -0.221 -0.014 -0.010 -0.127
 1896     33     31     32     30     28     32     33     32     32     32     34     33
 1897 -0.052 -0.050  0.048 -0.065 -0.106 -0.162 -0.200 -0.182 -0.259 -0.321 -0.383 -0.379 -0.176
 1897     30     30     29     31     34     32     30     33     35     33     31     31
 1898 -0.265 -0.345 -0.375 -0.508 -0.464 -0.355 -0.392 -0.371 -0.391 -0.509 -0.435 -0.457 -0.403
 1898     33     32     30     31     35     36     34     34     32     35     33     34
 1899 -0.305 -0.347 -0.368 -0.355 -0.254 -0.319 -0.283 -0.156 -0.226 -0.263 -0.184 -0.296 -0.280
 1899     32     31     31     31     34     34     34     36     36     32     33     34
 1900 -0.150 -0.017 -0.224 -0.149 -0.319 -0.217 -0.174 -0.221 -0.234 -0.235 -0.244 -0.228 -0.200
 1900     32     29     29     28     31     30     31     32     32     32     33     33
 1901 -0.166 -0.212 -0.373 -0.278 -0.250 -0.268 -0.308 -0.281 -0.412 -0.367 -0.478 -0.453 -0.321
 1901     35     36     34     34     32     33     31     35     35     35     34     33
 1902 -0.444 -0.414 -0.404 -0.398 -0.402 -0.510 -0.407 -0.418 -0.368 -0.428 -0.394 -0.336 -0.411
 1902     36     35     37     37     38     39     39     41     37     38     39     37
 1903 -0.338 -0.347 -0.375 -0.468 -0.434 -0.544 -0.525 -0.698 -0.579 -0.692 -0.641 -0.582 -0.519
 1903     36     38     38     38     39     41     40     41     41     37     38     41
 1904 -0.605 -0.593 -0.599 -0.527 -0.545 -0.526 -0.507 -0.512 -0.481 -0.523 -0.515 -0.459 -0.533
 1904     39     39     39     37     39     39     39     41     40     41     39     42
 1905 -0.446 -0.478 -0.448 -0.501 -0.338 -0.355 -0.264 -0.380 -0.424 -0.410 -0.389 -0.311 -0.396
 1905     39     38     38     38     40     40     41     41     39     39     44     41
 1906 -0.163 -0.172 -0.226 -0.259 -0.474 -0.367 -0.371 -0.379 -0.437 -0.430 -0.418 -0.448 -0.345
 1906     40     44     41     40     42     46     42     46     40     39     41     41
 1907 -0.372 -0.463 -0.327 -0.399 -0.408 -0.477 -0.414 -0.463 -0.456 -0.455 -0.479 -0.509 -0.436
 1907     44     41     38     40     40     41     42     45     45     40     45     44
 1908 -0.505 -0.484 -0.558 -0.558 -0.485 -0.522 -0.525 -0.536 -0.550 -0.560 -0.559 -0.617 -0.539
 1908     40     42     44     44     43     41     43     45     41     45     44     46
 1909 -0.527 -0.553 -0.640 -0.527 -0.519 -0.556 -0.638 -0.442 -0.515 -0.565 -0.622 -0.604 -0.559
 1909     44     43     43     45     43     44     48     46     45     47     45     47
 1910 -0.494 -0.583 -0.589 -0.563 -0.541 -0.549 -0.604 -0.552 -0.537 -0.518 -0.616 -0.673 -0.568
 1910     46     44     42     41     44     45     43     45     45     48     47     46
 1911 -0.534 -0.699 -0.651 -0.744 -0.660 -0.636 -0.608 -0.554 -0.531 -0.498 -0.444 -0.357 -0.577
 1911     49     48     47     45     44     43     47     50     40     44     44     45
 1912 -0.343 -0.373 -0.255 -0.319 -0.406 -0.394 -0.403 -0.520 -0.557 -0.594 -0.555 -0.557 -0.440
 1912     45     45     44     45     46     45     47     47     46     46     45     46
 1913 -0.515 -0.435 -0.495 -0.522 -0.433 -0.475 -0.499 -0.503 -0.481 -0.436 -0.426 -0.433 -0.471
 1913     48     53     52     48     50     52     51     52     53     53     50     50
 1914 -0.363 -0.370 -0.397 -0.389 -0.344 -0.353 -0.379 -0.268 -0.320 -0.208 -0.166 -0.225 -0.316
 1914     49     50     50     49     48     49     47     46     36     38     40     38
 1915 -0.174 -0.278 -0.128 -0.203 -0.221 -0.158 -0.130 -0.022 -0.185 -0.235 -0.219 -0.329 -0.191
 1915     38     37     37     38     37     36     37     38     38     37     35     39
 1916 -0.353 -0.267 -0.366 -0.367 -0.368 -0.412 -0.392 -0.388 -0.368 -0.435 -0.599 -0.482 -0.401
 1916     38     38     38     36     38     36     36     41     38     37     37     37
 1917 -0.698 -0.525 -0.618 -0.417 -0.489 -0.334 -0.268 -0.222 -0.219 -0.330 -0.484 -0.393 -0.417
 1917     37     34     36     34     33     35     33     34     34     37     32     31
 1918 -0.459 -0.522 -0.453 -0.441 -0.289 -0.374 -0.347 -0.374 -0.317 -0.291 -0.078 -0.217 -0.347
 1918     35     34     34     30     28     30     32     34     30     30     27     29
 1919 -0.196 -0.102 -0.262 -0.175 -0.277 -0.359 -0.469 -0.439 -0.357 -0.343 -0.438 -0.503 -0.327
 1919     31     31     30     31     36     36     35     36     35     35     38     36
 1920 -0.375 -0.382 -0.201 -0.306 -0.223 -0.230 -0.303 -0.311 -0.272 -0.206 -0.207 -0.248 -0.272
 1920     35     37     37     35     39     35     39     40     37     40     39     42
 1921 -0.324 -0.222 -0.322 -0.278 -0.287 -0.228 -0.187 -0.263 -0.166 -0.127 -0.238 -0.172 -0.236
 1921     43     43     43     44     43     43     42     47     44     45     45     45
 1922 -0.317 -0.176 -0.243 -0.309 -0.436 -0.380 -0.257 -0.368 -0.333 -0.343 -0.369 -0.363 -0.326
 1922     45     49     48     47     45     48     49     51     50     46     50     50
 1923 -0.389 -0.366 -0.411 -0.241 -0.290 -0.287 -0.332 -0.370 -0.371 -0.349 -0.147 -0.113 -0.306
 1923     51     50     52     48     50     52     52     54     51     51     50     49
 1924 -0.234 -0.141 -0.232 -0.150 -0.195 -0.227 -0.260 -0.298 -0.332 -0.372 -0.474 -0.511 -0.284
 1924     49     52     51     48     52     50     52     53     53     47     50     48
 1925 -0.432 -0.419 -0.281 -0.357 -0.208 -0.240 -0.169 -0.170 -0.188 -0.234 -0.120 -0.126 -0.247
 1925     51     51     48     50     49     47     50     50     48     48     52     49
 1926 -0.099 -0.224 -0.095 -0.078 -0.130 -0.075 -0.188 -0.105 -0.097 -0.082 -0.181 -0.156 -0.128
 1926     52     51     51     48     49     50     51     50     52     52     51     49
 1927 -0.216 -0.179 -0.270 -0.204 -0.200 -0.253 -0.165 -0.107 -0.194 -0.143 -0.194 -0.202 -0.192
 1927     50     54     55     55     55     54     53     56     54     53     54     52
 1928 -0.112 -0.186 -0.232 -0.203 -0.267 -0.280 -0.172 -0.177 -0.239 -0.223 -0.276 -0.317 -0.224
 1928     50     52     51     52     53     51     53     55     52     52     52     52
 1929 -0.352 -0.366 -0.371 -0.298 -0.363 -0.315 -0.343 -0.213 -0.239 -0.255 -0.170 -0.269 -0.297
 1929     52     52     51     52     53     54     52     55     51     52     51     51
 1930 -0.290 -0.337 -0.199 -0.180 -0.147 -0.195 -0.125 -0.090 -0.002 -0.033  0.000 -0.046 -0.138
 1930     51     51     50     50     53     50     51     55     50     52     51     51
 1931 -0.014 -0.057 -0.064 -0.107 -0.100 -0.074 -0.060 -0.081 -0.061 -0.162 -0.183 -0.182 -0.096
 1931     51     52     52     52     52     52     50     50     50     49     51     52
 1932 -0.170 -0.106 -0.113 -0.161 -0.157 -0.214 -0.147 -0.195 -0.093 -0.244 -0.216 -0.168 -0.166
 1932     52     52     53     52     53     52     51     51     52     53     49     53
 1933 -0.173 -0.177 -0.236 -0.176 -0.175 -0.259 -0.209 -0.221 -0.293 -0.252 -0.317 -0.358 -0.238
 1933     50     48     50     50     48     46     50     53     52     50     53     51
 1934 -0.312 -0.392 -0.390 -0.206 -0.210 -0.049 -0.066 -0.082 -0.036 -0.170 -0.117 -0.217 -0.189
 1934     53     49     54     51     51     47     51     52     51     51     52     53
 1935 -0.157 -0.235 -0.290 -0.133 -0.160 -0.151 -0.165 -0.184 -0.162 -0.166 -0.188 -0.220 -0.185
 1935     51     52     54     51     52     53     53     57     55     55     54     55
 1936 -0.244 -0.123 -0.224 -0.153 -0.162 -0.175 -0.117 -0.082 -0.106 -0.087 -0.177 -0.139 -0.151
 1936     57     57     58     55     55     56     55     59     57     56     54     55
 1937 -0.099 -0.009 -0.047 -0.051 -0.073 -0.025  0.103  0.061  0.078  0.020 -0.033 -0.013 -0.009
 1937     55     55     56     54     52     55     58     58     54     53     54     52
 1938 -0.060 -0.055 -0.042 -0.081 -0.157 -0.059 -0.102 -0.006 -0.053 -0.029 -0.155 -0.230 -0.086
 1938     55     54     56     52     53     53     54     55     53     51     53     54
 1939 -0.178 -0.137 -0.177 -0.103 -0.113 -0.016  0.047  0.024  0.077 -0.155 -0.109 -0.125 -0.079
 1939     53     54     54     53     52     51     50     48     42     39     40     42
 1940  0.028 -0.085 -0.100 -0.004  0.068 -0.031  0.100  0.041  0.059  0.031 -0.020  0.094  0.016
 1940     41     39     39     37     42     42     43     46     40     40     40     39
 1941  0.008 -0.040 -0.023  0.057 -0.015  0.076  0.057 -0.012 -0.038  0.214  0.179  0.283  0.063
 1941     41     43     44     42     41     46     46     48     44     46     45     29
 1942  0.173  0.148  0.079  0.007  0.081  0.018  0.033 -0.071 -0.047 -0.109 -0.104 -0.040  0.014
 1942     36     40     42     39     37     35     36     38     33     33     37     32
 1943 -0.081 -0.092 -0.153 -0.095 -0.050  0.044 -0.046  0.108 -0.000  0.077  0.079  0.146 -0.003
 1943     31     34     35     31     32     33     31     35     34     32     31     34
 1944  0.027  0.076  0.138  0.111  0.158  0.166  0.226  0.240  0.192  0.169  0.052  0.197  0.147
 1944     37     38     38     38     35     36     35     37     35     33     34     32
 1945  0.172  0.136  0.092  0.089  0.053  0.127  0.095  0.179  0.156  0.192  0.150  0.173  0.134
 1945     35     35     33     31     31     32     28     30     26     28     31     33
 1946  0.119 -0.002  0.167  0.086 -0.072 -0.203 -0.061 -0.161  0.007  0.055 -0.071 -0.119 -0.017
 1946     30     33     33     37     37     34     41     44     36     38     41     42
 1947  0.045 -0.103 -0.097  0.019 -0.085 -0.046  0.021 -0.042 -0.095 -0.167 -0.032 -0.096 -0.056
 1947     38     44     41     40     40     40     44     45     41     38     42     42
 1948 -0.119 -0.147  0.028 -0.055  0.041  0.052 -0.108  0.016 -0.097 -0.061 -0.088 -0.087 -0.048
 1948     41     43     42     42     40     40     45     46     42     42     42     42
 1949 -0.002  0.006 -0.072  0.010 -0.027 -0.155 -0.052 -0.046 -0.075 -0.113 -0.092 -0.053 -0.053
 1949     50     49     52     51     49     49     49     52     51     49     50     51
 1950 -0.089 -0.134 -0.123 -0.083 -0.053 -0.082  0.053 -0.002 -0.079 -0.074 -0.156 -0.185 -0.082
 1950     52     51     55     49     51     48     51     53     51     49     51     55
 1951 -0.149 -0.164 -0.192 -0.111 -0.042  0.106  0.106  0.194  0.081  0.131  0.010  0.050  0.004
 1951     53     53     52     49     47     48     50     52     51     52     53     55
 1952  0.123  0.175  0.078  0.106  0.105  0.085  0.065  0.095  0.060  0.071  0.045  0.028  0.087
 1952     54     56     54     53     51     52     52     54     52     53     52     54
 1953  0.003  0.079  0.072  0.148  0.173  0.150  0.117  0.095  0.097  0.047  0.035  0.052  0.090
 1953     56     56     54     51     53     51     52     53     52     53     53     53
 1954  0.020  0.022 -0.016 -0.100 -0.116 -0.099 -0.202 -0.124 -0.123 -0.142 -0.120 -0.175 -0.097
 1954     53     52     54     52     53     53     51     56     54     53     52     53
 1955 -0.080 -0.135 -0.106 -0.153 -0.236 -0.226 -0.133 -0.107 -0.128 -0.246 -0.225 -0.190 -0.162
 1955     54     53     56     53     52     52     51     55     54     53     55     58
 1956 -0.144 -0.138 -0.148 -0.168 -0.170 -0.234 -0.196 -0.157 -0.185 -0.157 -0.142 -0.110 -0.163
 1956     57     59     59     55     53     54     54     55     56     57     57     59
 1957 -0.123 -0.033 -0.001 -0.001  0.130  0.093  0.145  0.163  0.052  0.028  0.075  0.072  0.051
 1957     60     60     61     57     55     54     55     58     57     58     58     60
 1958  0.111  0.174  0.109  0.086  0.055  0.077  0.054  0.095  0.071  0.051  0.014  0.089  0.083
 1958     60     60     61     58     58     57     58     60     57     57     60     59
 1959  0.058  0.051  0.030  0.050  0.088  0.031  0.052  0.084  0.054  0.055 -0.025 -0.033  0.041
 1959     61     64     63     58     56     56     58     59     60     59     59     62
 1960 -0.032 -0.031 -0.010 -0.059  0.001 -0.052  0.058  0.042  0.077 -0.025 -0.018  0.022 -0.002
 1960     62     62     63     61     59     56     59     59     60     58     61     61
 1961  0.037  0.129  0.101  0.101  0.089  0.113  0.064  0.058 -0.062  0.022  0.005 -0.013  0.053
 1961     64     64     63     61     59     59     60     62     61     61     63     63
 1962 -0.021  0.021  0.007  0.015  0.011 -0.028  0.072  0.043  0.006  0.022 -0.019 -0.031  0.010
 1962     66     65     65     61     59     60     60     62     62     61     62     63
 1963 -0.050 -0.055 -0.025  0.023  0.081  0.035  0.127  0.151  0.093  0.108  0.112  0.080  0.059
 1963     65     64     63     63     60     59     58     61     61     60     61     65
 1964 -0.019 -0.030 -0.091 -0.104 -0.112 -0.060 -0.120 -0.247 -0.258 -0.170 -0.272 -0.288 -0.149
 1964     67     66     65     63     60     60     60     62     64     62     64     66
 1965 -0.170 -0.139 -0.202 -0.146 -0.154 -0.149 -0.160 -0.080 -0.052 -0.028 -0.030 -0.014 -0.109
 1965     64     64     65     63     62     60     60     62     63     63     65     67
 1966 -0.004 -0.007  0.006  0.033 -0.085 -0.005  0.048  0.008 -0.024 -0.011 -0.013  0.031 -0.001
 1966     67     66     65     62     63     61     61     62     64     63     63     64
 1967 -0.094 -0.086 -0.048 -0.075  0.016  0.009 -0.007 -0.007 -0.056 -0.088 -0.070 -0.183 -0.056
 1967     67     68     66     64     62     62     62     63     62     62     63     66
 1968 -0.196 -0.231 -0.214 -0.157 -0.127  0.009 -0.026  0.031  0.031  0.060  0.051  0.128 -0.053
 1968     68     66     66     64     64     63     64     65     64     63     64     66
 1969  0.158  0.163  0.174  0.172  0.217  0.094  0.014  0.084  0.058  0.055  0.063  0.104  0.114
 1969     69     67     65     65     63     62     64     64     65     64     65     67
 1970  0.131  0.044  0.040  0.059 -0.007 -0.051 -0.096 -0.062 -0.061 -0.014 -0.030 -0.056 -0.010
 1970     70     67     68     65     64     63     64     64     64     64     65     68
 1971 -0.115 -0.191 -0.210 -0.162 -0.187 -0.208 -0.137 -0.213 -0.194 -0.205 -0.194 -0.264 -0.190
 1971     68     68     67     66     61     63     65     65     66     65     65     68
 1972 -0.119 -0.071 -0.087 -0.041 -0.027  0.001  0.021  0.007 -0.011  0.016  0.128  0.246  0.005
 1972     69     70     68     66     62     63     64     64     65     67     66     69
 1973  0.163  0.135  0.126  0.079  0.025  0.025  0.011  0.021 -0.033 -0.080 -0.105 -0.184  0.015
 1973     70     70     68     65     64     66     65     67     64     65     67     68
 1974 -0.238 -0.237 -0.218 -0.184 -0.186 -0.145 -0.164 -0.071 -0.065 -0.141 -0.155 -0.141 -0.162
 1974     71     70     69     65     64     63     63     65     64     65     65     69
 1975 -0.182 -0.106 -0.137 -0.190 -0.133 -0.165 -0.134 -0.136 -0.223 -0.233 -0.310 -0.335 -0.190
 1975     68     69     66     66     65     64     63     66     67     64     65     67
 1976 -0.333 -0.300 -0.229 -0.238 -0.292 -0.216 -0.128 -0.138 -0.173 -0.083 -0.044  0.014 -0.180
 1976     67     68     66     65     64     63     62     65     63     65     65     67
 1977  0.081  0.041  0.023 -0.026 -0.002  0.013  0.029 -0.018  0.024 -0.025 -0.015 -0.059  0.005
 1977     68     69     67     66     64     64     64     67     65     65     67     69
 1978  0.012 -0.037 -0.020 -0.102 -0.083 -0.096 -0.052 -0.112 -0.062 -0.132 -0.033 -0.032 -0.062
 1978     69     69     69     66     65     63     64     65     65     65     64     69
 1979  0.023  0.014  0.046  0.076 -0.032  0.073  0.056  0.056  0.068  0.079  0.140  0.167  0.063
 1979     72     72     71     70     71     70     70     70     69     69     69     71
 1980  0.157  0.145  0.170  0.093  0.046  0.046  0.053  0.010 -0.001 -0.056 -0.003 -0.009  0.054
 1980     71     71     71     69     67     66     66     67     65     66     67     71
 1981 -0.017 -0.062  0.021 -0.008  0.033  0.100  0.078  0.028  0.064  0.012 -0.004  0.068  0.027
 1981     70     71     72     68     65     65     65     67     66     67     68     69
 1982  0.031 -0.033 -0.027 -0.016  0.044 -0.029 -0.053 -0.049  0.026  0.075  0.073  0.116  0.013
 1982     70     72     72     69     66     65     65     66     65     66     68     69
 1983  0.221  0.171  0.133  0.124  0.154  0.179  0.107  0.112  0.091  0.046  0.047  0.050  0.119
 1983     71     73     72     69     66     65     66     68     67     67     68     69
 1984  0.037  0.036  0.019  0.003 -0.021 -0.051 -0.034  0.016  0.075 -0.069 -0.055 -0.066 -0.010
 1984     73     73     70     68     66     67     65     69     67     67     69     69
 1985 -0.037 -0.018 -0.040 -0.090 -0.050 -0.069 -0.023 -0.030 -0.013  0.006 -0.076 -0.020 -0.040
 1985     70     71     71     69     68     67     70     69     69     69     69     73
 1986 -0.081 -0.023 -0.029 -0.039 -0.036 -0.008  0.005 -0.019  0.020  0.048  0.013 -0.006 -0.013
 1986     71     72     71     71     68     68     68     70     69     70     69     71
 1987  0.008  0.030  0.086  0.049  0.119  0.108  0.201  0.256  0.239  0.195  0.261  0.185  0.145
 1987     72     73     72     70     68     69     70     71     69     69     69     72
 1988  0.243  0.215  0.190  0.158  0.151  0.134  0.142  0.128  0.071  0.021 -0.053 -0.094  0.108
 1988     72     74     72     71     68     69     67     70     70     69     69     70
 1989 -0.032 -0.009  0.002  0.033  0.053  0.060  0.167  0.196  0.130  0.065  0.083  0.075  0.069
 1989     71     72     71     70     68     67     67     67     68     69     69     70
 1990  0.108  0.197  0.204  0.239  0.203  0.204  0.220  0.214  0.180  0.249  0.185  0.173  0.198
 1990     70     71     70     70     70     67     67     68     67     67     68     68
 1991  0.183  0.154  0.188  0.254  0.255  0.163  0.242  0.224  0.151  0.107  0.077  0.097  0.174
 1991     68     70     70     67     67     67     67     68     67     66     67     68
 1992  0.138  0.160  0.153  0.159  0.187  0.179  0.085  0.040  0.020 -0.007 -0.034 -0.001  0.090
 1992     69     69     69     67     67     65     64     66     66     66     68     69
 1993  0.164  0.082  0.112  0.080  0.148  0.158  0.096  0.084  0.105  0.064  0.120  0.032  0.104
 1993     69     69     69     67     64     65     65     67     66     66     66     67
 1994  0.083  0.065  0.136  0.111  0.187  0.150  0.167  0.171  0.121  0.192  0.207  0.183  0.146
 1994     68     69     68     66     65     65     65     67     67     67     67     68
 1995  0.182  0.219  0.213  0.158  0.149  0.209  0.298  0.266  0.152  0.162  0.171  0.094  0.188
 1995     68     68     69     68     66     66     68     69     68     68     67     68
 1996  0.113  0.188  0.182  0.185  0.152  0.122  0.158  0.174  0.107  0.101  0.076  0.129  0.140
 1996     69     69     69     68     67     68     67     68     68     68     67     68
 1997  0.100  0.152  0.214  0.162  0.259  0.342  0.370  0.404  0.416  0.468  0.472  0.477  0.318
 1997     69     69     68     67     67     66     67     68     67     66     66     68
 1998  0.419  0.478  0.482  0.489  0.498  0.468  0.526  0.487  0.293  0.288  0.312  0.270  0.416
 1998     68     68     68     66     67     66     66     67     65     65     66     67
 1999  0.158  0.215  0.268  0.248  0.200  0.213  0.221  0.176  0.217  0.146  0.171  0.148  0.197
 1999     68     67     66     65     65     64     65     67     66     67     66     68
 2000  0.171  0.167  0.184  0.228  0.213  0.197  0.212  0.285  0.262  0.228  0.262  0.182  0.216
 2000     68     69     67     65     64     64     64     66     64     64     65     67
 2001  0.208  0.245  0.366  0.341  0.280  0.366  0.379  0.401  0.376  0.357  0.356  0.305  0.329
 2001     67     68     67     65     65     65     66     67     65     66     66     67
 2002  0.365  0.329  0.453  0.388  0.389  0.403  0.351  0.369  0.326  0.384  0.304  0.382  0.368
 2002     68     69     69     66     66     66     66     67     66     66     68     68
 2003  0.343  0.364  0.405  0.347  0.344  0.401  0.435  0.478  0.465  0.448  0.387  0.315  0.393
 2003     67     68     69     68     67     67     67     69     68     67     68     70
 2004  0.359  0.352  0.314  0.375  0.320  0.283  0.382  0.405  0.401  0.369  0.367  0.342  0.354
 2004     68     69     69     68     68     68     68     70     69     69     70     70
 2005  0.356  0.331  0.375  0.391  0.401  0.428  0.463  0.500  0.432  0.399  0.343  0.292  0.389
 2005     71     70     68     66     66     67     67     69     69     68     67     68
 2006  0.296  0.327  0.278  0.332  0.347  0.356  0.394  0.465  0.412  0.405  0.405  0.398  0.365
 2006     70     69     70     68     67     68     68     69     70     69     68     69
 2007  0.402  0.392  0.304  0.294  0.288  0.356  0.369  0.304  0.293  0.255  0.180  0.138  0.296
 2007     68     69     69     68     67     67     69     70     69     68     70     70
 2008  0.136  0.154  0.188  0.209  0.238  0.255  0.365  0.379  0.378  0.325  0.251  0.254  0.259
 2008     69     70     71     69     68     69     70     70     70     70     69     69
 2009  0.297  0.247  0.257  0.334  0.382  0.515  0.523  0.505  0.386  0.417  0.416  0.495  0.395
 2009     69     69     69     68     68     68     68     70     69     69     69     70
 2010  0.453  0.462  0.470  0.501  0.455  0.441  0.500  0.439  0.352  0.314  0.254  0.258  0.406
 2010     69     70     70     69     68     70     70     71     70     70     69     70
 2011  0.244  0.271  0.271  0.285  0.308  0.350  0.380  0.373  0.303  0.240  0.261  0.206  0.290
 2011     70     69     69     68     68     68     68     69     69     69     69     69
 2012  0.214  0.247  0.245  0.303  0.361  0.356  0.398  0.440  0.429  0.437  0.409  0.343  0.346
 2012     69     69     68     66     64     65     66     68     67     67     68     67
 2013  0.292  0.309  0.287  0.364  0.382  0.314  0.479  0.483  0.457  0.391  0.424  0.350  0.376
 2013     67     68     67     64     63     63     64     65     64     64     65     66
 2014  0.342  0.314  0.347  0.478  0.477  0.563  0.551  0.644  0.574  0.528  0.480  0.450  0.477
 2014     66     67     65     65     63     65     67     69     66     68     67     68
 2015  0.440  0.406  0.424  0.557  0.593  0.575  0.637  0.665  0.725  0.699  0.691  0.717  0.592
 2015     69     68     69     67     67     67     68     69     69     69     69     69
 2016  0.732  0.611  0.690  0.654  0.595  0.622  0.670  0.654  0.606  0.601  0.490  0.447  0.613
 2016     69     70     69     68     67     68     68     69     69     69     68     67
 2017  0.484  0.520  0.550  0.598  0.564  0.540  0.540  0.606  0.431  0.487  0.427  0.329  0.505
 2017     69     69     67     65     65     65     64     65     65     65     65     65
 2018  0.379  0.356  0.411  0.468  0.486  0.476  0.469  0.534  0.535  0.557  0.587  0.531  0.480
 2018     69     70     70     69     67     68     68     70     68     68     68     68
 2019  0.520  0.517  0.565  0.574  0.522  0.557  0.643  0.680  0.604  0.615  0.613  0.593  0.582
 2019     69     68     69     68     68     67     68     68     68     67     69     68
 2020  0.599  0.000  0.000  0.000  0.000  0.000  0.000  0.000  0.000  0.000  0.000  0.000  0.599
 2020     69      0      0      0      0      0      0      0      0      0      0      0
